"rownum","Id","EffectVirtualPath","PreloadGroupsKeys","i32","i32"
0,"WaypointEffect","Metadata/Effects/Environment/waypoint/new/WaypointEffect",[],-938457162,1
1,"Doodad","Metadata/MiscellaneousObjects/Doodad",[],706408584,1
2,"Stash","Metadata/MiscellaneousObjects/Stash",[],-1477282030,1
3,"GuildStash","Metadata/MiscellaneousObjects/GuildStash",[],-97027105,1
4,"Waypoint","Metadata/MiscellaneousObjects/Waypoint",[],552129418,1
5,"AreaTransition","Metadata/MiscellaneousObjects/AreaTransition",[],726109394,1
6,"Shrine","Metadata/Shrines/Shrine",[],-1437128725,4
7,"ColdSnap","Metadata/Effects/Spells/coldsnap/cold_snap",[],-391542522,4
8,"DetonateDeadEffect","Metadata/Effects/Spells/detonate_dead/DetonateDead",[],-996249004,4
9,"InfernalBlowExplode","Metadata/Effects/Spells/infernal_blow/InfernalBlowExplosion",[],567876608,3
10,"Shatter","Metadata/Effects/Spells/shatter/Shatter",[],-1646981244,2
11,"FrostWallSegment","Metadata/Effects/Spells/frostwall/FrostWall",[],1667146716,4
12,"BruteDeath","Metadata/Effects/Spells/monsters_effects/brute_death/BruteDeathExplosion",[],342351121,4
13,"WorldItem","Metadata/MiscellaneousObjects/WorldItem",[],1418889786,1
14,"MapDeviceMaligaro","Metadata/QuestObjects/Act7/MaligaroOrrery",[45],-2010534045,4
15,"MapDeviceQuest","Metadata/MiscellaneousObjects/MapDevice",[45],561515709,4
16,"MapDeviceButton","Metadata/MiscellaneousObjects/MapDeviceButton",[45],1077686931,4
17,"MapDeviceApparition","Metadata/MiscellaneousObjects/MapDeviceApparition",[45],934538695,4
18,"FireTrap","Metadata/MiscellaneousObjects/PyroTrap",[],-1597546555,4
19,"CausticTrap","Metadata/MiscellaneousObjects/PyroCausticTrap",[],297988080,4
20,"FireBossExplode","Metadata/Effects/Spells/monsters_effects/rare_explode/fire",[],1665864013,3
21,"IceBossExplode","Metadata/Effects/Spells/monsters_effects/rare_explode/ice",[],-96936008,4
22,"LightBossExplode","Metadata/Effects/Spells/monsters_effects/rare_explode/light",[],-969764562,4
23,"RootSpiderHole","Metadata/Effects/Spells/monsters_effects/act2/root_spider/emerge/Hole",[],-326478754,4
24,"SuicideExplodeDefault","Metadata/Effects/Spells/monsters_effects/gore_explode/gore_explode",[],1400497802,4
25,"DominusBloodRainShield","Metadata/Effects/Spells/monsters_effects/act3/dominus/sheild/Shield",[],182667246,4
26,"SuicideExplodeGibs","Metadata/Effects/Spells/monsters_effects/gore_explode/gore_explode_gibs",[],1369345873,4
27,"OfferingOffensiveWard","Metadata/Effects/Spells/offering_offensive/Ward",[],-546877995,4
28,"OfferingOffensiveEffect","Metadata/Effects/Spells/offering_offensive/Effect",[],-124563357,4
29,"OfferingOffensiveExplosion","Metadata/Effects/Spells/offering_offensive/Explosion",[],-1397808529,4
30,"OfferingDefensiveWard","Metadata/Effects/Spells/offering_defensive/Ward",[],1755635100,4
31,"OfferingDefensiveEffect","Metadata/Effects/Spells/offering_defensive/Effect",[],1587352283,4
32,"OfferingDefensiveExplosion","Metadata/Effects/Spells/offering_defensive/Explosion",[],991243492,4
33,"OfferingSpiritWard","Metadata/Effects/Spells/offering_spirit/Ward",[],825388321,4
34,"OfferingSpiritEffect","Metadata/Effects/Spells/offering_spirit/Effect",[],-1286376571,4
35,"OfferingSpiritExplosion","Metadata/Effects/Spells/offering_spirit/Explosion",[],-874783251,4
36,"OfferingBloodWard","Metadata/Effects/Spells/offering_blood/Ward",[],-362570755,4
37,"OfferingBloodEffect","Metadata/Effects/Spells/offering_blood/Effect",[],1045867140,4
38,"OfferingBloodExplosion","Metadata/Effects/Spells/offering_blood/Explosion",[],-1174915651,4
39,"AtziriFadeIn","Metadata/Monsters/Atziri/AtziriFadeIn",[5],1957896023,4
40,"AtziriFadeOut","Metadata/Monsters/Atziri/AtziriFadeOut",[5],949454913,4
41,"AtziriMirroredFadeInFire","Metadata/Monsters/Atziri/MirroredFadeIn/AtziriFadeInFire",[5],-1728773788,4
42,"AtziriMirroredFadeInLightning","Metadata/Monsters/Atziri/MirroredFadeIn/AtziriFadeInLightning",[5],1254603668,4
43,"AtziriMirroredFadeInSpear","Metadata/Monsters/Atziri/MirroredFadeIn/AtziriFadeInSpear",[5],-464990618,4
44,"AtziriMirroredFadeInMirror","Metadata/Monsters/Atziri/MirroredFadeIn/AtziriFadeInMirror",[5],-1634903121,4
45,"VaalLightningWarpUp","Metadata/Effects/Spells/lightning_warp/VaalLightningWarpUp",[],1170740668,4
46,"VaalLightningWarpDown","Metadata/Effects/Spells/lightning_warp/VaalLightningWarpDown",[],-1381780493,4
47,"MerveilGeyser","Metadata/Effects/Spells/monsters_effects/act1/merveil/water_geyser/WaterGeyser",[],-235614715,4
48,"BeyondPortal1","Metadata/Monsters/BeyondDemons/BeyondPortal1",[6],-1082805434,4
49,"BeyondPortal2","Metadata/Monsters/BeyondDemons/BeyondPortal2",[6],2119099127,4
50,"BeyondPortal3","Metadata/Monsters/BeyondDemons/BeyondPortal3",[6],-475113111,4
51,"FireBeacon","Metadata/Effects/Spells/monsters_effects/elemental_beacon/fire/beacon",[],1614793033,4
52,"FireBeaconAoE","Metadata/Effects/Spells/monsters_effects/elemental_beacon/fire/beacon_aoe",[],242762419,4
53,"ColdBeacon","Metadata/Effects/Spells/monsters_effects/elemental_beacon/ice/beacon",[],78605781,4
54,"ColdBeaconAoE","Metadata/Effects/Spells/monsters_effects/elemental_beacon/ice/beacon_aoe",[],-1268093629,4
55,"LightningBeacon","Metadata/Effects/Spells/monsters_effects/elemental_beacon/lightning/beacon",[],94918828,4
56,"LightningBeaconAoE","Metadata/Effects/Spells/monsters_effects/elemental_beacon/lightning/beacon_aoe",[],-1946189596,4
57,"PhysicalBeacon","Metadata/Effects/Spells/monsters_effects/elemental_beacon/phys/beacon",[],791682066,4
58,"PhysicalBeaconAoE","Metadata/Effects/Spells/monsters_effects/elemental_beacon/phys/beacon_aoe",[],1052089745,4
59,"BigVisualBeyondPortal","Metadata/Monsters/BeyondDemons/BeyondPortal3VisualOnly",[6],-1269638409,4
60,"Trap","Metadata/MiscellaneousObjects/TrapNormal",[],1792123797,4
61,"RemoteMine","Metadata/MiscellaneousObjects/RemoteMine",[],-1124494552,4
62,"MinerSpawnRocks","Metadata/Effects/Spells/monsters_effects/act4/miner/throw_spawn/rockexplosion",[],812688039,4
63,"DaressoCloneIcePrison","Metadata/Effects/Spells/monsters_effects/act4/daresso/clone/ice/IcePrison",[],473594473,4
64,"DaressoClone1Frozen","Metadata/Effects/Spells/monsters_effects/act4/daresso/clone/clone_01/Clone",[],636174617,4
65,"DaressoClone2Frozen","Metadata/Effects/Spells/monsters_effects/act4/daresso/clone/clone_02/Clone",[],1222000272,4
66,"DaressoClone3Frozen","Metadata/Effects/Spells/monsters_effects/act4/daresso/clone/clone_03/Clone",[],109201850,4
67,"DaressoClone4Frozen","Metadata/Effects/Spells/monsters_effects/act4/daresso/clone/clone_04/Clone",[],-1658586987,4
68,"MinerBeaconAoE","Metadata/Effects/Spells/monsters_effects/act4/miner/upheaval/beacon_aoe",[],2023972058,4
69,"TempestStormYellow","Metadata/Effects/Environment/tempest_league/basic_colour/yellow/TempestStorm",[2],2037338624,4
70,"TempestStormGreen","Metadata/Effects/Environment/tempest_league/basic_colour/green/TempestStorm",[2],1276834143,4
71,"TempestStormRed","Metadata/Effects/Environment/tempest_league/basic_colour/red/TempestStorm",[2],-898717002,4
72,"TempestStormBlue","Metadata/Effects/Environment/tempest_league/basic_colour/blue/TempestStorm",[2],-1404221320,4
73,"TempestStormOrange","Metadata/Effects/Environment/tempest_league/basic_colour/orange/TempestStorm",[2],116556092,4
74,"TempestStormPink","Metadata/Effects/Environment/tempest_league/basic_colour/pink/TempestStorm",[2],897364089,4
75,"TempestStormPurple","Metadata/Effects/Environment/tempest_league/basic_colour/purple/TempestStorm",[2],395865661,4
76,"TempestStormTeal","Metadata/Effects/Environment/tempest_league/basic_colour/teal/TempestStorm",[2],-1220322671,4
77,"TempestStormWhite","Metadata/Effects/Environment/tempest_league/basic_colour/white/TempestStorm",[2],8137097,4
78,"TempestStormIce","Metadata/Effects/Environment/tempest_league/elements/ice/TempestStorm",[2],391660782,4
79,"TempestStormFire","Metadata/Effects/Environment/tempest_league/elements/fire/TempestStorm",[2],55520617,4
80,"TempestStormLightning","Metadata/Effects/Environment/tempest_league/elements/lightning/TempestStorm",[2],-204420607,4
81,"ChaosExplode","Metadata/Effects/Spells/chaos_explode/ChaosExplode",[],-115837266,3
82,"LightningHandBeacon","Metadata/Effects/Spells/monsters_effects/elemental_beacon/lightning_hand/beacon",[],1174694778,4
83,"LightningHandBeaconAoE","Metadata/Effects/Spells/monsters_effects/elemental_beacon/lightning_hand/beacon_aoe",[],-441285547,4
84,"BridgeMarker","Metadata/MiscellaneousObjects/BridgeMarker",[],-67371637,4
85,"LightningGolemOrb","Metadata/Effects/Spells/monsters_effects/lightning_elemental/orb/lightning_golem_orb",[],-1435831922,4
86,"MissionStrIntPortal","Metadata/MiscellaneousObjects/TemplarMissionPortal",[12],1899800505,4
87,"MissionDexArrow","Metadata/Effects/Spells/Masters/Dex/Arrow",[11],57947091,4
88,"Effect","Metadata/Effects/Effect",[],2139835176,1
89,"ServerEffect","Metadata/Effects/ServerEffect",[],-1648314647,1
90,"PermanentEffect","Metadata/Effects/PermanentEffect",[],-1868935107,1
91,"BeamEffect","Metadata/Effects/BeamEffect",[],-173099009,1
92,"ServerResumingEffect","Metadata/Effects/ServerResumingEffect",[],839646389,2
93,"CadiroPortal","Metadata/NPC/League/Perandus/CadiroPortal",[4],1774748602,4
94,"BeyondPortal2Visual","Metadata/Monsters/BeyondDemons/BeyondPortal2Visual",[22],1078287360,4
95,"BeyondPortal3Visual","Metadata/Monsters/BeyondDemons/BeyondPortal3Visual",[22],1793948760,4
96,"FireOrbs","Metadata/Effects/Spells/fire_orbs/fire_orb",[],2041103283,4
97,"Monolith","Metadata/MiscellaneousObjects/Monolith",[25],1209225406,4
98,"FireOrbsGhostflame","Metadata/Effects/Spells/fire_orbs/fire_orb_ghostflame",[],1361775801,4
99,"TheShaperMonsterSpawner1","Metadata/MiscellaneousObjects/TheShaperPortal1",[],-835544592,4
100,"TheShaperMonsterSpawner2","Metadata/MiscellaneousObjects/TheShaperPortal2",[],-281914131,4
101,"TheShaperMonsterSpawner3","Metadata/MiscellaneousObjects/TheShaperPortal3",[],753784760,4
102,"TheShaperMonsterSpawner4","Metadata/MiscellaneousObjects/TheShaperPortal4",[],1274386642,4
103,"TheShaperMonsterSpawner5","Metadata/MiscellaneousObjects/TheShaperPortal5",[],-1734476,4
104,"FillGroundMaelstromBlackHoleMonster","Metadata/Effects/Microtransactions/Spells/frost_bolt/monster_black_hole",[],-15718444,4
105,"SpiderWeb","Metadata/Effects/Spells/ground_effects/spider_web/SpiderWeb",[],1905954345,4
106,"BoneWallSegment","Metadata/Effects/Spells/monsters_effects/AtlasofWorldsBosses/bone_effects/bone_wall/BoneWall_",[],-1861684403,4
107,"HotdogGeyser","Metadata/Effects/Spells/monsters_effects/hotdog_upheaval/hotdog_geyser",[],801117774,4
108,"BreachKiwethBonePile","Metadata/Monsters/BreachBosses/Objects/BonePile",[],-1813605186,4
109,"BreachPortalObject","Metadata/MiscellaneousObjects/Breach/BreachObject",[29],-535271191,4
110,"BreachLargeChestMarker","Metadata/MiscellaneousObjects/Breach/LargeChestMarker",[29],-172029670,4
111,"BreachLightningOrbs","Metadata/Effects/Spells/fire_orbs/breach_lightning_orb",[],1731502682,4
112,"SlavePensIntroGround","Metadata/MiscellaneousObjects/AreaTransitionEffects/SlavePensIntroGround",[],-235101866,4
113,"TidalWave","Metadata/Effects/Spells/monsters_effects/act6/Brine_King/tidal_wave/tidal_wave",[32],1930133411,4
114,"DoedrePipeLiquidGreen","Metadata/Monsters/Doedre/DoedreSewer/DoedreSewersPipeLiquidGreen",[30],432134634,4
115,"DoedrePipeLiquidRed","Metadata/Monsters/Doedre/DoedreSewer/DoedreSewersPipeLiquidRed",[30],290546251,4
116,"DoedrePipeLiquidPurple","Metadata/Monsters/Doedre/DoedreSewer/DoedreSewersPipeLiquidPurple",[30],-949355409,4
117,"DoedrePipeLiquidNeutral","Metadata/Monsters/Doedre/DoedreSewer/DoedreSewersPipeLiquidNeutral",[30],-2063963692,4
118,"DoedreCauldronLiquidGreen","Metadata/Monsters/Doedre/DoedreSewer/DoedreSewersCauldronLiquidGreen",[30],-214954458,4
119,"DoedreCauldronLiquidRed","Metadata/Monsters/Doedre/DoedreSewer/DoedreSewersCauldronLiquidRed",[30],-341254715,4
120,"DoedreCauldronLiquidPurple","Metadata/Monsters/Doedre/DoedreSewer/DoedreSewersCauldronLiquidPurple",[30],1925213841,4
121,"DoedreCauldronLiquidNeutral","Metadata/Monsters/Doedre/DoedreSewer/DoedreSewersCauldronLiquidNeutral",[30],-180700442,4
122,"SpiderGodWeb","Metadata/Effects/Spells/monsters_effects/vaalspiderboss_e/SpiderGodWeb",[],-435792117,4
123,"Doedre2Bubble","Metadata/Effects/Spells/monsters_effects/doedre/beacon/beacon",[],-341901809,4
124,"Doedre2BubbleAoE","Metadata/Effects/Spells/monsters_effects/doedre/beacon/beacon_aoe",[],470884534,4
125,"BloodWingIntro","Metadata/QuestObjects/Act5/BloodWingIntro",[],-1158468363,4
126,"MaligaroSpectre","Metadata/Monsters/Maligaro/MaligaroSpectre",[],-1726916377,4
127,"DelayedTriggerSkillObject","Metadata/Effects/Spells/monsters_effects/delayed_skill_trigger/beacon",[],-505075046,4
128,"SandTornado","Metadata/Effects/Spells/monsters_effects/act9/Garukhan/small_tornado/SmallTornado",[],353103795,4
129,"MultiplexPortal","Metadata/MiscellaneousObjects/MultiplexPortal",[],1600303822,2
130,"RyslathaPowerslide","Metadata/Effects/Spells/monsters_effects/act7/Ryslatha/powerslide/RyslathaPowerslide",[],1348088606,4
131,"RyslathaSlideGroundEffect","Metadata/Effects/Spells/monsters_effects/act7/Ryslatha/powerslide/RyslathaPowerslideGroundEffect",[],-1231703481,4
132,"SandTornadoLarge","Metadata/Effects/Spells/monsters_effects/act9/Garukhan/large_tornado/LargeTornado",[],-720086469,4
133,"LoopEffect","Metadata/Effects/LoopEffect",[],1609411448,4
134,"BloodFireOrbs","Metadata/Effects/Spells/fire_orbs/fire_orb_blood",[],-1678621537,4
135,"InsectMinionHole","Metadata/Effects/Spells/monsters_effects/act2/root_spider/emerge/HoleSmall",[],327236885,4
136,"HolyIonCannon","Metadata/Effects/Spells/monsters_effects/act9/Garukhan/large_tornado/LargeTornado",[],-720086469,4
137,"RockFireOrbs","Metadata/Effects/Spells/fire_orbs/fire_orb_rock",[],-1706397739,4
138,"FillGroundFireBlue","Metadata/Effects/Spells/ground_effects/fire_blue/FillGroundFireBlue",[],356252878,4
139,"KitavaXNukeMarker","Metadata/Effects/Spells/monsters_effects/act10/Kitava/X_nuke/marker",[],-391204591,4
140,"LightningTornado","Metadata/Effects/Spells/monsters_effects/act9/The_Trio/Shavronne/living_storms/LightningTornado",[],1007021710,4
141,"HarbingerSummonZone","Metadata/Effects/Spells/monsters_effects/league_avatar/Summons/SummonCircle",[],-877341078,4
142,"DetonateDeadEffectNoGibs","Metadata/Effects/Spells/detonate_dead/DetonateDeadNoGibs",[],-1414350197,4
143,"BanditBossArrow","Metadata/Effects/Spells/monsters_effects/Bandits/BanditLord/BanditBossArrow",[],294384730,4
144,"BanditBossArrowOak","Metadata/Effects/Spells/monsters_effects/Bandits/BanditLord/BanditBossArrowOak",[],1346509974,4
145,"BanditBossArrowAlira","Metadata/Effects/Spells/monsters_effects/Bandits/BanditLord/BanditBossArrowAlira",[],1841090814,4
146,"SpectralSpinningWeapon","Metadata/Effects/Spells/spectral_spinning_weapon/SpinningWeapon",[],1730945118,4
147,"LightningElderOrb","Metadata/Effects/Spells/monsters_effects/AtlasofWorldsBosses/ElderGuardian/LightningGuardian/Orb/ElderLightningOrb",[],1962207979,4
148,"FireBearerBeacon","Metadata/Effects/Spells/monsters_effects/elemental_beacon_v2/fire/OTs/beacon",[],-2106758991,4
149,"FireBearerBeaconAoE","Metadata/Effects/Spells/monsters_effects/elemental_beacon_v2/fire/OTs/beacon_aoe",[],1754937929,4
150,"ElderGuardianHolyWeaponBarrage","Metadata/Effects/Spells/monsters_effects/AtlasofWorldsBosses/ElderGuardian/GoldGuardian/sword_barrage/sword/IcePrison",[],1978136151,4
151,"ElderGuardianHolyWeapon1","Metadata/Effects/Spells/monsters_effects/AtlasofWorldsBosses/ElderGuardian/GoldGuardian/sword_barrage/sword_01/Clone",[],349449725,4
152,"ElderGuardianHolyWeapon2","Metadata/Effects/Spells/monsters_effects/AtlasofWorldsBosses/ElderGuardian/GoldGuardian/sword_barrage/sword_02/Clone",[],-649935823,4
153,"ElderGuardianHolyWeapon3","Metadata/Effects/Spells/monsters_effects/AtlasofWorldsBosses/ElderGuardian/GoldGuardian/sword_barrage/sword_03/Clone",[],-798214210,4
154,"ElderGuardianHolyWeapon4","Metadata/Effects/Spells/monsters_effects/AtlasofWorldsBosses/ElderGuardian/GoldGuardian/sword_barrage/sword_04/Clone",[],-444080519,4
155,"RootSpiderHoleMedium","Metadata/Effects/Spells/monsters_effects/act2/root_spider/emerge/HoleMedium",[],-410352087,4
156,"SandstormRotateObject","Metadata/Effects/Spells/monsters_effects/AtlasofWorldsBosses/ElderGuardian/ChaosPhysical/sandstorm/SandstormRotateObject",[],89582683,4
157,"IceBearerBeacon","Metadata/Effects/Spells/monsters_effects/elemental_beacon_v2/ice/OTs/beacon",[],1126990490,4
158,"IceBearerBeaconAoE","Metadata/Effects/Spells/monsters_effects/elemental_beacon_v2/ice/OTs/beacon_aoe",[],2002688798,4
159,"LightningBearerBeacon","Metadata/Effects/Spells/monsters_effects/elemental_beacon_v2/lightning/OTs/beacon",[],1687924204,4
160,"LightningBearerBeaconAoE","Metadata/Effects/Spells/monsters_effects/elemental_beacon_v2/lightning/OTs/beacon_aoe",[],286691820,4
161,"ObsidianTornado","Metadata/Effects/Spells/monsters_effects/AtlasofWorldsBosses/ElderGuardian/FireGuardian/obsidian_vortex/ObsidianTornado",[],1160576318,4
162,"AbyssPitMawMortarImpactObject","Metadata/Projectiles/AbyssBoneHuskMortarObject",[38],1567259170,4
163,"AbyssUndyingMortarImpactObject","Metadata/Projectiles/UndyingMortarImpact",[38],-1539108424,4
164,"AbyssNodeSmallMortarSpawned","Metadata/MiscellaneousObjects/Abyss/AbyssNodeSmallMortarSpawned",[38],170952351,4
165,"AbyssNodeSmallMortarSpawned2","Metadata/MiscellaneousObjects/Abyss/AbyssNodeSmallMortarSpawned2",[38],-2034990229,4
166,"AbyssBoneHuskMortarLichObject","Metadata/Projectiles/AbyssBoneHuskMortarLichObject",[38],-619914040,4
167,"AbyssUndyingBladeBeacon","Metadata/Effects/Spells/monsters_effects/League_Abyss/UndyingAbyss/abyss_shard_rain/beacon",[38],-1748663387,4
168,"AbyssUndyingBladeBeaconAoE","Metadata/Effects/Spells/monsters_effects/League_Abyss/UndyingAbyss/abyss_shard_rain/beacon_aoe",[38],2029219688,4
169,"ShaperInterruptElder","Metadata/Monsters/AtlasBosses/TheShaper/TheShaperInterruptElder",[],-1155418346,4
170,"ShaperBanishElder","Metadata/Monsters/AtlasBosses/TheShaper/TheShaperBanishElder",[],1363379937,4
171,"ShaperDefeat","Metadata/Monsters/AtlasBosses/TheShaper/TheShaperDeathEffect",[40],-1922950576,4
172,"ShaperDefeatEscape","Metadata/Monsters/AtlasBosses/TheShaper/TheShaperDeathEscapeEffect",[40],779593555,4
173,"ToraTrap","Metadata/Monsters/traps/ToraTrap",[],2070376987,4
174,"VilentaBombTossObject","Metadata/Effects/Spells/monsters_effects/Vilenta/bomb_toss/VilentaBombTossObject",[],-1067299402,4
175,"ElderDrainShaperEffect","Metadata/Monsters/ElderBosses/ElderDrainShaper",[40],135571797,4
176,"VultureBestiaryBombTossObject","Metadata/Monsters/LeagueBestiary/Avians/VultureBestiaryBombTossObject",[],118193223,4
177,"BestiarySpiderWebCocoon","Metadata/MiscellaneousObjects/Bestiary/BestiarySpiderWebCocoon",[],935245901,4
178,"DeathWalkExplode","Metadata/Effects/Spells/monsters_effects/League_Abyss/CorpseExplosion/BubonicBlast",[],-1853602615,4
179,"DelayedTriggerSkillObjectLightning","Metadata/Effects/Spells/monsters_effects/delayed_skill_trigger/beacon_lightning",[],-1661107925,4
180,"LightningHurricane","Metadata/Effects/Spells/monsters_effects/League_Incursion/Vaal_Architects/spells/ultimate_spells/lightning_hurricane/hurricane/LightningHurricane",[],-88878244,4
181,"ArchitectMapDeviceSpawner","Metadata/Projectiles/IncursionMapDeviceSpawner",[],-1763102241,4
182,"DelayedTriggerSkillObjectLightningEpic","Metadata/Effects/Spells/monsters_effects/delayed_skill_trigger/beacon_lightning_epic",[],614040851,4
183,"DelveLight","Metadata/Terrain/Leagues/Delve/Objects/DelveLight",[43],-1206041840,4
184,"DelvePathNode","Metadata/Terrain/Leagues/Delve/Objects/DelvePathNode",[],-1160182057,4
185,"DelvePathEndpoint","Metadata/Terrain/Leagues/Delve/Objects/DelvePathEndpoint",[],-616175816,4
186,"BrutusHook","Metadata/Effects/Spells/monsters_effects/brute_chainhook/BruteHook",[],490192617,4
187,"DelveQiongqiBombTossObject","Metadata/Monsters/LeagueDelve/QiongqiEncounterBossSwoop",[],-1153448880,4
188,"RainOfSporesBloomPod","Metadata/Effects/Spells/rain_of_spores/BloomPod",[],-1639651818,4
189,"RainOfSporesBloomPodBlackLotus","Metadata/Effects/Microtransactions/Spells/rain_of_spores/blackrose/BloomPod",[],-741753510,4
190,"RainOfSporesBloomPodSuffering","Metadata/Effects/Microtransactions/Spells/toxic_rain_suffering/BloomPod",[],-1610035307,4
191,"DelveSpiderWeb","Metadata/Effects/Spells/ground_effects/spider_web/DelveSpiderWeb",[],1867579185,4
192,"DelveDynamiteT1","Metadata/Terrain/Leagues/Delve/Objects/Dynamite/DelveDynamiteBase",[],1334112141,4
193,"DelveFlareT1","Metadata/Terrain/Leagues/Delve/Objects/Flares/DelveFlareBase",[],1940104838,4
194,"DelveFlareT1Dark","Metadata/Terrain/Leagues/Delve/Objects/Flares/DelveFlareBaseDark",[],644041951,4
195,"DelveAbyssCrystalObject","Metadata/Projectiles/DelveAbyssCrystalMineLarge",[],948177879,4
196,"DelveAbyssCrystalObject2","Metadata/Projectiles/DelveAbyssCrystalMineLarge2",[],979993539,4
197,"DelveAbyssCrystalObject3","Metadata/Projectiles/DelveAbyssCrystalMineLarge3",[],-1412751170,4
198,"DelveFlameGeyser","Metadata/Monsters/LeagueDelve/LavaFossilEncounter/LavaGeyser",[],-707371786,4
199,"DelveRewardMarkerOnPath","Metadata/Terrain/Leagues/Delve/Objects/ChestLocators/PathChest",[],-421884507,4
200,"DelveRewardMarkerOffPath","Metadata/Terrain/Leagues/Delve/Objects/ChestLocators/ExploreChest",[],881793020,4
201,"DelveRewardMarkerDynamiteWall","Metadata/Terrain/Leagues/Delve/Objects/ChestLocators/WalledChest",[],23865981,4
202,"DelveRewardMarkerEncounter","Metadata/Terrain/Leagues/Delve/Objects/ChestLocators/EncounterChest",[],-1628170368,4
203,"DelveRewardMarkerDarkCell","Metadata/Terrain/Leagues/Delve/Objects/ChestLocators/DarkCellChest",[],1611714299,4
204,"DelveProtoBossWall1","Metadata/Monsters/LeagueDelve/CityBosses/Objects/DelveProtoVaalCityBossWall",[],796527094,4
205,"DelveProtoBossWall2","Metadata/Monsters/LeagueDelve/CityBosses/Objects/DelveProtoVaalCityBossWall2",[],565526279,4
206,"DelveProtoBossWall3","Metadata/Monsters/LeagueDelve/CityBosses/Objects/DelveProtoVaalCityBossWall3",[],-713366438,4
207,"DelveTaowuBlackHole","Metadata/Monsters/LeagueDelve/TaowuBlackHole",[],713615573,4
208,"DelveTaowuFlameGeyser","Metadata/Monsters/LeagueDelve/TaowuFlameGeyser",[],-437896726,4
209,"DelveAzuriteShard","Metadata/Terrain/Leagues/Delve/Objects/DelveAzuriteShard",[43],1274212571,4
210,"DelveBombAzurite","Metadata/Monsters/RockGolem/Delve/AzuriteBomb",[],-729708766,4
211,"DelveBombGeodite","Metadata/Monsters/RockGolem/Delve/GeoditeBomb",[],-1118486342,4
212,"DelveBombSulphite","Metadata/Monsters/RockGolem/Delve/SulphiteBomb",[],2098349008,4
213,"DelveBombVaalite","Metadata/Monsters/RockGolem/Delve/VaaliteBomb",[],-2009994224,4
214,"DelveBombVoidite","Metadata/Monsters/RockGolem/Delve/VoiditeBomb",[],-281116486,4
215,"DelveRewardMarkerDynamiteWallChance","Metadata/Terrain/Leagues/Delve/Objects/ChestLocators/WalledChestChance",[],221891086,4
216,"DelveDynamiteMarker","Metadata/Terrain/Leagues/Delve/Objects/DelveDynamiteMarker",[43],2120989560,4
217,"ZanaRoseGround","Metadata/Monsters/Masters/ZanaGauntletRoseGround",[],1679136246,4
218,"ProtoVaalMapBossShield","Metadata/Monsters/ProtoVaal/ProtoVaalMapBossShield",[],1126862711,4
219,"BannerGround","Metadata/Effects/Spells/banner/GroundBanner",[],-1606707029,4
220,"WarBannerGround","Metadata/Effects/Spells/banner/WarBannerGround",[],-1198050692,4
221,"DreadBannerGround","Metadata/Effects/Spells/banner/DreadBannerGround",[],-810078763,4
222,"ZanaRosePod","Metadata/Monsters/Masters/ZanaGauntletRosePod",[],1244064579,4
223,"BetrayalEscortCart1","Metadata/Terrain/Leagues/Betrayal/Objects/BetrayalEscortCart",[44],-2025643978,4
224,"BetrayalEscortCart2","Metadata/Terrain/Leagues/Betrayal/Objects/BetrayalEscortCart2",[44],1420575429,4
225,"ProtoVaalMapBossGeyser1","Metadata/Monsters/ProtoVaal/ProtoVaalMapBossGeyser",[],1691032206,4
226,"ProtoVaalMapBossGeyser2","Metadata/Monsters/ProtoVaal/ProtoVaalMapBossGeyser2",[],214836066,4
227,"ProtoVaalMapBossGeyser3","Metadata/Monsters/ProtoVaal/ProtoVaalMapBossGeyser3",[],232784022,4
228,"ProtoVaalMapBossGeyser4","Metadata/Monsters/ProtoVaal/ProtoVaalMapBossGeyser4",[],-1904933722,4
229,"BetrayalBoneWallSegment","Metadata/Monsters/LeagueBetrayal/BetrayalBoneWall",[],-1173538889,4
230,"BetrayalEscortGoal","Metadata/Terrain/Leagues/Betrayal/Objects/BetrayalEscortGoal",[44],1987391198,4
231,"BetrayalJanusGeyser","Metadata/Monsters/LeagueBetrayal/BetrayalJanusGeyser",[],2037969155,4
232,"BetrayalCameriaIceSpike1","Metadata/Monsters/LeagueBetrayal/BetrayalCameriaIceSpike1",[],911497566,4
233,"BetrayalCameriaIceSpike2","Metadata/Monsters/LeagueBetrayal/BetrayalCameriaIceSpike2",[],1297696052,4
234,"BetrayalCameriaIceSpike3","Metadata/Monsters/LeagueBetrayal/BetrayalCameriaIceSpike3",[],1846165494,4
235,"BetrayalCameriaIceSpike4","Metadata/Monsters/LeagueBetrayal/BetrayalCameriaIceSpike4",[],1709347062,4
236,"BetrayalLeoHook","Metadata/Effects/Spells/monsters_effects/brute_chainhook/BruteHook",[],490192617,4
237,"BetrayalChoiceObject","Metadata/Terrain/Leagues/Betrayal/Objects/BetrayalMakeChoice",[44],-1149843210,4
238,"BetrayalMassSkeletonRainOfArrows","Metadata/Monsters/LeagueBetrayal/BetrayalMassSkeletonRoA",[],-837080945,4
239,"BetrayalCatarinaStaff","Metadata/Monsters/LeagueBetrayal/CatarinaArenaObjects/StaffObject",[],1486302457,4
240,"BetrayalCatarinaStaffGroundEffect","Metadata/Monsters/LeagueBetrayal/CatarinaArenaObjects/StaffObjectGroundEffect",[],421435446,4
241,"BetrayalAssassinSpawner","Metadata/Monsters/LeagueBetrayal/AssassinationSpawners/AssassinationEncounterTier1_1",[44],588479443,4
242,"BetrayalCartSpawner","Metadata/Monsters/LeagueBetrayal/CartSpawners/CartEncounterTier1_1",[44],2075986231,4
243,"BetrayalSpreeObject","Metadata/MiscellaneousObjects/Betrayal/BetrayalSpreeObject",[],1782131695,4
244,"BetrayalBYOIObject","Metadata/MiscellaneousObjects/Betrayal/BetrayalBYOIObject",[],-226403134,4
245,"BetrayalStealObject","Metadata/MiscellaneousObjects/Betrayal/BetrayalStealObject",[],1165837431,4
246,"BetrayalCatarinaVolatile","Metadata/Projectiles/BetrayalCatarinaVolatileObject",[46],2074933132,4
247,"ToolGizmo","Metadata/MiscellaneousObjects/Gizmo",[],-1439949816,4
248,"ApparitionEffectCrucibleDemon","Metadata/Effects/Microtransactions/Aura/CrucibleDemon/CrucibleDemonApparition",[],382604397,4
249,"ApparitionEffectAssassinDemon","Metadata/Effects/Microtransactions/Aura/AssassinDemon/AssassinDemonApparition",[],804187103,4
250,"ApparitionEffectVanguardDemon","Metadata/Effects/Microtransactions/Aura/VanguardDemon/VanguardDemonApparition",[],-2121887794,4
251,"ApparitionEffectPitfighterDemon","Metadata/Effects/Microtransactions/Aura/PitfighterDemon/PitfighterDemonApparition",[],-897456734,4
252,"ApparitionEffectEmpyreanDemon","Metadata/Effects/Microtransactions/Aura/EmpyreanDemon/EmpyreanDemonApparition",[],-1368151767,4
253,"CatarinaArrowPointer","Metadata/Monsters/LeagueBetrayal/CatarinaArenaObjects/Arrow",[46],110942204,4
254,"SynthesisVoidsand","Metadata/Monsters/LeagueSynthesis/BossArenaObjects/VoidsandSpawner",[47],1642386367,4
255,"SynthesisBossBlackHole","Metadata/Monsters/LeagueSynthesis/SynthesisBossBlackhole",[],-961628565,4
256,"SynthesisMortarRectangleOrb","Metadata/Monsters/LeagueSynthesis/SynthesisBossSpinningOrb",[],-2106709415,4
257,"SynthesisGolemVTurret","Metadata/Monsters/LeagueSynthesis/SynthesisGolemVTurret",[],-124431732,4
258,"SynthesisColdCascade","Metadata/Monsters/LeagueSynthesis/SynthesisSoulstealerCascade",[],1069149787,4
259,"SynthesisGuardian3Volatile1","Metadata/Projectiles/SynthesisGuardianProjectile1Object",[],-104655964,4
260,"SynthesisGuardian3Volatile2","Metadata/Projectiles/SynthesisGuardianProjectile1Object2",[],-695483941,4
261,"SynthesisGuardian3Volatile3","Metadata/Projectiles/SynthesisGuardianProjectile1Object3",[],373580598,4
262,"SynthesisBossDeviceButton","Metadata/Terrain/Leagues/Synthesis/Objects/BossPortalGenerator_Button",[],-1468666037,4
263,"SynthesisGolemGuardianPylon","Metadata/Monsters/LeagueSynthesis/SynthesisGolemGuardianPylon",[],-1175578745,4
264,"SynthesisGlobalModInitiator","Metadata/Terrain/Leagues/Synthesis/Objects/SynthesisGlobalModInitiator",[],-924911427,4
265,"SynthesisVoidsandNonSpawner","Metadata/Monsters/LeagueSynthesis/BossArenaObjects/Voidsand",[],-1848026013,4
266,"MavenBrainVoidsand","Metadata/Monsters/TheCollector/Voidsand",[],968302665,4
267,"TestPortal","Metadata/MiscellaneousObjects/TestPortal",[],635005792,4
268,"TestPortal2","Metadata/MiscellaneousObjects/TestPortal2",[],1679157353,4
269,"ApparitionEffectLostSoul","Metadata/Effects/Microtransactions/Aura/LostSouls/LostSoulApparition",[],-1473183154,4
270,"CadiroPerandusNPC","Metadata/NPC/League/Perandus/Cadiro",[],-915672006,4
271,"MicrotransactionSunstonePortal","Metadata/MiscellaneousObjects/SunstonePortal",[],-371148499,4
272,"LegionInitiator","Metadata/Terrain/Leagues/Legion/Objects/LegionInitiator",[48],-1003760242,4
273,"GoldenBearerBeacon","Metadata/Effects/Spells/monsters_effects/elemental_beacon_v2/phys/OTs/beacon",[],842180855,4
274,"GoldenBearerBeaconAoE","Metadata/Effects/Spells/monsters_effects/elemental_beacon_v2/phys/OTs/beacon_aoe",[],-1133630930,4
275,"LegionKaruiArcherRockArrow","Metadata/Monsters/LegionLeague/Karui/MoltenRockArrow",[],-448428993,4
276,"LegionTemplarSergeantGeyserMarker","Metadata/Monsters/LegionLeague/Templar/LegionTemplarGroundMarker",[],106364721,4
277,"LegionTemplarGeneralShieldObject","Metadata/Monsters/LegionLeague/Templar/LegionTemplarShatterShield",[],-1848536796,4
278,"LegionKaruiHyrriWaterSpoutMarker","Metadata/Monsters/LegionLeague/Karui/LegionKaruiWaterSpoutMarker",[],-1189823434,4
279,"LegionVaalViperWaveCombo","Metadata/Monsters/LegionLeague/Vaal/LegionVaalViperWaveCombo",[],-335032357,4
280,"LegionVaalViperWaveCombo2","Metadata/Monsters/LegionLeague/Vaal/LegionVaalViperWaveCombo2",[],58648696,4
281,"LegionLioneyeFlare","Metadata/Monsters/LegionLeague/EternalEmpire/LegionEternalEmpireGeneralFlare",[],-692576971,4
282,"LegionMortarRectangleOrb","Metadata/Monsters/LegionLeague/LegionMarakethBossSpinningOrb",[],-865765323,4
283,"LegionEndlessInitiator","Metadata/Terrain/Leagues/Legion/Objects/LegionEndlessInitiator",[48],-52702638,4
284,"LegionSergeantMortarObject","Metadata/Projectiles/LegionSergeantMortarObject",[],875712340,4
285,"LegionLioneyeFireCircle","Metadata/Monsters/LegionLeague/EternalEmpire/LegionEternalEmpireGeneralFireCircle",[],990395459,4
286,"MicrotransactionWranglerPortal","Metadata/MiscellaneousObjects/WranglerPortal",[],-96940798,4
287,"LegionLioneyeBurningArrowFlames","Metadata/Monsters/LegionLeague/EternalEmpire/LegionEternalEmpireGeneralFireWake",[],-893343546,4
288,"BlightPortal","Metadata/Terrain/Leagues/Blight/Objects/BlightPortal",[50],-1443666421,4
289,"BlightPathway","Metadata/Terrain/Leagues/Blight/Objects/BlightPathway",[50],-1362012276,4
290,"BlightPump","Metadata/Terrain/Leagues/Blight/Objects/BlightPump",[50],-2092000448,4
291,"ShatterSmall","Metadata/Effects/Spells/shatter/ShatterSmall",[],1713641240,3
292,"ShatterLarge","Metadata/Effects/Spells/shatter/ShatterLarge",[],-419376306,3
293,"ShatterEpic","Metadata/Effects/Spells/shatter/ShatterEpic",[],-1865831112,3
294,"BetrayalSpawnLegionChest1","Metadata/MiscellaneousObjects/Betrayal/BetrayalSpawnLegionChest1",[],1430124776,4
295,"BetrayalSpawnLegionChest2","Metadata/MiscellaneousObjects/Betrayal/BetrayalSpawnLegionChest2",[],-1049769566,4
296,"BetrayalSpawnLegionChest3","Metadata/MiscellaneousObjects/Betrayal/BetrayalSpawnLegionChest3",[],1810063511,4
297,"BetrayalSpawnLegionChest4","Metadata/MiscellaneousObjects/Betrayal/BetrayalSpawnLegionChest4",[],1153418462,4
298,"MicrotransactionMiraclePortal","Metadata/MiscellaneousObjects/Portals/MiraclePortal",[],1708720309,4
299,"BlightIceWallSegment","Metadata/Effects/Spells/monsters_effects/League_Blight/Tower_Skills/ice/ice_prison/FrostWall",[],-1528121303,4
300,"MicrotransactionRingmasterPortal","Metadata/MiscellaneousObjects/RingmasterPortal",[],-789532536,4
301,"RemoteMineStr","Metadata/MiscellaneousObjects/RemoteMineStr",[],1909341616,4
302,"RemoteMineDex","Metadata/MiscellaneousObjects/RemoteMineDex",[],1982569652,4
303,"RemoteMineInt","Metadata/MiscellaneousObjects/RemoteMineInt",[],125156087,4
304,"RemoteMineCold","Metadata/MiscellaneousObjects/RemoteMineCold",[],1223672276,4
305,"RemoteMindFire","Metadata/MiscellaneousObjects/RemoteMineFire",[],-703556257,4
306,"RemoteMineLightning","Metadata/MiscellaneousObjects/RemoteMineLightning",[],-112004198,4
307,"RemoteMineCorruptedEmperor","Metadata/MiscellaneousObjects/RemoteMineCorruptedEmperor",[],-448702401,4
308,"RemoteMineCorruptedEmperorStr","Metadata/MiscellaneousObjects/RemoteMineCorruptedEmperorStr",[],-2085336587,4
309,"RemoteMineCorruptedEmperorDex","Metadata/MiscellaneousObjects/RemoteMineCorruptedEmperorDex",[],-871944221,4
310,"RemoteMineCorruptedEmperorInt","Metadata/MiscellaneousObjects/RemoteMineCorruptedEmperorInt",[],-941960897,4
311,"RemoteMineCorruptedEmperorCold","Metadata/MiscellaneousObjects/RemoteMineCorruptedEmperorCold",[],1551198321,4
312,"RemoteMindCorruptedEmperorFire","Metadata/MiscellaneousObjects/RemoteMineCorruptedEmperorFire",[],1405919637,4
313,"RemoteMineCorruptedEmperorLightning","Metadata/MiscellaneousObjects/RemoteMineCorruptedEmperorLightning",[],-789025879,4
314,"RemoteMineStygian","Metadata/MiscellaneousObjects/RemoteMineStygian",[],802512803,4
315,"MicrotransactionCorruptedEmperorPortal","Metadata/MiscellaneousObjects/CorruptedEmperorPortal",[],-922748283,4
316,"FungalGrowthSpread1","Metadata/Terrain/Leagues/Blight/Objects/BlightDefeatFungal",[50],-959168644,4
317,"FungalGrowthSpread2","Metadata/Terrain/Leagues/Blight/Objects/BlightDefeatFungal2",[50],509064233,4
318,"FungalGrowthSpread3","Metadata/Terrain/Leagues/Blight/Objects/BlightDefeatFungal3",[50],-1669891294,4
319,"FungalGrowthSpread4","Metadata/Terrain/Leagues/Blight/Objects/BlightDefeatFungal4",[50],572321551,4
320,"FungalGrowthSpread5","Metadata/Terrain/Leagues/Blight/Objects/BlightDefeatFungal5",[50],-1347315425,4
321,"MicrotransactionCelestialSteamPoweredPortal","Metadata/MiscellaneousObjects/Portals/CelestialSteamPoweredPortal",[],531007203,4
322,"MiracleMapDeviceButton","Metadata/MiscellaneousObjects/MiracleMapDeviceButton",[],1509120576,4
323,"MetamorphosisMarker","Metadata/MiscellaneousObjects/Metamorphosis/MetamorphosisMonsterMarker",[51],1072592601,4
324,"HellionBossRock","Metadata/Monsters/LeagueBlight/Fire/HellionBossRock",[],-1387756567,4
325,"MetamorphosisVat","Metadata/MiscellaneousObjects/Metamorphosis/MetamorphosisVat",[51],723587947,4
326,"MetamorphosisBase","Metadata/MiscellaneousObjects/Metamorphosis/MetamorphosisBase",[51],-197694474,4
327,"CrusaderInfluenceBomb","Metadata/Monsters/AtlasExiles/CrusaderInfluenceMonsters/CrusaderMageguardBomb",[],1673102526,4
328,"ApparitionEffectEyrieDemon","Metadata/Effects/Microtransactions/Aura/EyrieDemon/EyrieApparition",[],84422266,3
329,"AtlasExileOrionBombObject","Metadata/Monsters/AtlasExiles/OrionArenaObjects/OrionVolatileObject",[],841775541,4
330,"OrionGeyserObject","Metadata/Monsters/AtlasExiles/OrionArenaObjects/OrionGeyserObject",[],-1038981208,4
331,"AtlasExileOrionBlocking1","Metadata/Monsters/AtlasExiles/OrionArenaObjects/OrionBlockingWall1",[],951588034,4
332,"AtlasExileOrionBlocking2","Metadata/Monsters/AtlasExiles/OrionArenaObjects/OrionBlockingWall2",[],1526070599,4
333,"AtlasExileOrionBlockingExplode1","Metadata/Monsters/AtlasExiles/OrionArenaObjects/OrionBlockingWallExpode1",[],-422448430,4
334,"AtlasExileOrionBlockingExplode2","Metadata/Monsters/AtlasExiles/OrionArenaObjects/OrionBlockingWallExpode2",[],1429773713,4
335,"WeaverWeb","Metadata/Effects/Spells/monsters_effects/vaalspiderboss_e/WeaverWeb",[],1752156416,4
336,"AtlasExileOrionCloneObject","Metadata/Monsters/AtlasExiles/OrionArenaObjects/OrionCloneObject",[],1325714634,4
337,"AtlasExileWarlordSlamGlove","Metadata/Monsters/AtlasExiles/ArenaMechanics/AtlasExile4SlamGlove",[],2069994505,4
338,"AtlasExileWarlordCascadeGlove","Metadata/Monsters/AtlasExiles/ArenaMechanics/AtlasExile4CascadeGloveR",[],-183663416,4
339,"AtlasExileWarlordCascadeGloveL","Metadata/Monsters/AtlasExiles/ArenaMechanics/AtlasExile4CascadeGloveL",[],1307782985,4
340,"AtlasBasiliskRainOfArrowsPod","Metadata/Effects/Spells/monsters_effects/AtlasExiles/BasiliskMonsters/humanoid_ranged/toxic_rain/BloomPod",[],1992145460,4
341,"AtlasExileEyrieCrystalObject","Metadata/Monsters/AtlasExiles/EyrieInfluenceMonsters/EyrieSeraphArcherCrystal",[],-990028456,4
342,"MetamorphosisTriggerMarker","Metadata/MiscellaneousObjects/Metamorphosis/MetamorphosisTriggerMarker",[],-954686552,4
343,"MicrotransactionMetamorphPortalEffect","Metadata/MiscellaneousObjects/MetamorphPortalEffect",[],-1082592768,4
344,"AtlasBasiliskWyvernSpawner","Metadata/Monsters/AtlasExiles/ArenaMechanics/AtlasExile3WyvernObject",[],-1053544390,4
345,"MicrotransactionOrionDemon","Metadata/Effects/Microtransactions/Aura/OrionDemon/OrionDemon",[],1705896123,3
346,"MicrotransactionCrusaderDemon","Metadata/Effects/Microtransactions/Aura/CrusaderApp/CrusaderApparition",[],-154222137,3
347,"MicrotransactionBasiliskDemon","Metadata/Effects/Microtransactions/Aura/BasiliskDemon/BasiliskDemon",[],464624771,3
348,"MicrotransactionJudicatorDemon","Metadata/Effects/Microtransactions/Aura/JudicatorDemon/JudicatorDemon",[],-2088639490,3
349,"MicrotransactionJudicatorGauntlet","Metadata/Effects/Microtransactions/Aura/Judicator/Judicator",[],-304379281,3
350,"ProjectilePortal","Metadata/MiscellaneousObjects/ProjectilePortal",[],-1587342159,4
351,"AfflictionInitiator","Metadata/MiscellaneousObjects/Affliction/AfflictionInitiator",[52],-1562094092,4
352,"RunePaintGroundRune","Metadata/Effects/Spells/rune_paint/GroundRune",[],833953571,4
353,"GroundBlade","Metadata/MiscellaneousObjects/GroundBlade",[],-688515235,4
354,"AfflictionColdDemonIceSpike","Metadata/Monsters/LeagueAffliction/AfflictionColdDemonIceSpikeObject",[],-1852749994,4
355,"MicrotransactionFairgravesStash","Metadata/MiscellaneousObjects/StashSkins/FairgravesStash",[],-2092955449,4
356,"AfflictionRotatingColdOrbs","Metadata/Monsters/LeagueAffliction/AfflictionMonsterSpinningOrb",[],261583288,4
357,"MicrotransactionFairgravesGuildStash","Metadata/MiscellaneousObjects/StashSkins/FairgravesGuildStash",[],1363245450,4
358,"AfflictionDemonLightningGigaBallGround","Metadata/Monsters/LeagueAffliction/AfflictionLightningDemonGigaBallGround",[],2037192812,4
359,"RunePaintGroundRuneAlt","Metadata/Effects/Spells/rune_paint/GroundRuneAlt",[],-1652649047,4
360,"CrusaderInfluenceBombSpectre","Metadata/Monsters/AtlasExiles/CrusaderInfluenceMonsters/CrusaderMageguardBombSpectre",[],1597467319,4
361,"AfflictionBossLightningVolatile","Metadata/Monsters/LeagueAffliction/Demons/FinalBossDeathZones/LightningVolatileObject",[],571837573,4
362,"SimulacrumAbyssNode","Metadata/Terrain/Leagues/Affliction/Objects/LeagueAbyssNode",[],-1069187499,4
363,"AfflictionWindDaemonServerMarker","Metadata/Monsters/Daemon/AfflictionFogWindDaemonServerMarker",[],-407556488,4
364,"RunePaintGroundRuneGore","Metadata/Effects/Spells/rune_paint/GroundRuneGore",[],-869999456,4
365,"HarvestMonsterSeed","Metadata/MiscellaneousObjects/Harvest/MonsterSeed",[],-1757200069,4
366,"HarvestExtractor","Metadata/MiscellaneousObjects/Harvest/Extractor",[],1090149058,4
367,"HarvestIrrigator","Metadata/MiscellaneousObjects/Harvest/Irrigator",[],609926187,4
368,"HarvestPole","Metadata/MiscellaneousObjects/Harvest/Pole",[],2065906538,4
369,"HarvestStorageTank","Metadata/MiscellaneousObjects/Harvest/StorageTank",[],1601930133,4
370,"HarvestBlueExplodingPod","Metadata/Monsters/LeagueHarvest/Blue/Objects/HarvestBlueExplodingPod",[53],-928362375,4
371,"HarvestGreenExplodingPod","Metadata/Monsters/LeagueHarvest/Green/Objects/HarvestGreenExplodingPod",[53],-1303962856,4
372,"HarvestRedExplodingPod","Metadata/Monsters/LeagueHarvest/Red/Objects/HarvestRedExplodingPod",[53],1926918228,4
373,"SpikeSlamSpike","Metadata/Effects/Spells/spike_slam/spike",[],-1530785127,4
374,"HarvestFluidRed","Metadata/MiscellaneousObjects/Harvest/PlantFluidRed",[53],-773798653,4
375,"HarvestFluidBlue","Metadata/MiscellaneousObjects/Harvest/PlantFluidBlue",[53],-1180973860,4
376,"HarvestFluidGreen","Metadata/MiscellaneousObjects/Harvest/PlantFluidGreen",[53],-2115596576,4
377,"HarvestScatteredVines1","Metadata/MiscellaneousObjects/Harvest/VinesDoodadObject",[53],-1764076071,4
378,"HarvestPipe","Metadata/MiscellaneousObjects/Harvest/HarvestPipeBeamEffect",[],-1900619567,4
379,"HarvestGrubHole","Metadata/Effects/Spells/monsters_effects/LeagueHarvest/harvest_monsters/scale/Grub/GrubHole",[],1748517582,4
380,"HarvestBossVinePathGreen","Metadata/MiscellaneousObjects/Harvest/RootPath/RootPathGreen",[53],-1164217431,4
381,"HarvestBossVinePathRed","Metadata/MiscellaneousObjects/Harvest/RootPath/RootPathRed",[53],-1566788215,4
382,"HarvestBossVinePathBlue","Metadata/MiscellaneousObjects/Harvest/RootPath/RootPathBlue",[53],-130358529,4
383,"ServerOnlyGroundEffect","Metadata/Effects/Spells/ground_effects/ServerOnlyGroundEffect",[],1050403295,1
384,"FillGroundEffect","Metadata/Effects/Spells/ground_effects/FillGroundEffect",[],316014466,1
385,"ClientGroundEffect","Metadata/Effects/Spells/ground_effects/ClientOnlyGroundEffect",[],-140464413,1
386,"ServerGroundEffect","Metadata/Effects/Spells/ground_effects/VisibleServerGroundEffect",[],1773597000,1
387,"HarvestBearBossChargeVineStart","Metadata/Monsters/LeagueHarvest/Red/Objects/HarvestRedBossChargeVineStart",[],-649442340,4
388,"HarvestBearBossChargeVine","Metadata/Monsters/LeagueHarvest/Red/Objects/HarvestRedBossChargeVine",[],-1246516588,4
389,"HarvestCatBossProwlVine","Metadata/Monsters/LeagueHarvest/Green/Objects/HarvestGreenBossProwlVine",[],-1815273200,4
390,"HarvestCatBossVineTrap","Metadata/Monsters/LeagueHarvest/Green/Objects/HarvestGreenBossVineTrap",[],-1067327712,4
391,"HarvestRootPathOshabi","Metadata/MiscellaneousObjects/Harvest/RootPath/RootPathOshabi",[],-59885889,4
392,"HarvestInsectHole","Metadata/Effects/Spells/monsters_effects/LeagueHarvest/harvest_monsters/thorn/Insect/InsectHole",[],-1559653498,4
393,"HarvestGreenExplodingPodDevourer","Metadata/Monsters/LeagueHarvest/Green/Objects/HarvestGreenExplodingPodDevourer",[],-140551084,4
394,"HarvestDevourerHole","Metadata/Effects/Spells/monsters_effects/LeagueHarvest/harvest_monsters/scale/Devourer/DevourerHole",[],155631833,4
395,"CrownOfThornsGround","Metadata/Effects/Spells/ground_effects/crown_of_thorns/CrownOfThornsGround",[],471599983,4
396,"MicrotransactionDemonicPortal","Metadata/MiscellaneousObjects/DemonicPortal",[],5257519,4
397,"MicrotransactionAngelicPortal","Metadata/MiscellaneousObjects/AngelicPortal",[],-1377749537,4
398,"MicrotransactionPandemoniumPortal","Metadata/MiscellaneousObjects/PandemoniumPortal",[],874107926,4
399,"HarvestOshabiCrownOfThornsFaceMarker","Metadata/Monsters/LeagueHarvest/Oshabi/Objects/OshabiCrownOfThornsFaceMarker",[],552412166,4
400,"HarvestBlueExplodingPodOshabi","Metadata/Monsters/LeagueHarvest/Oshabi/Objects/OshabiExplodingPodBlue",[53],-1167002836,4
401,"HarvestGreenExplodingPodOshabi","Metadata/Monsters/LeagueHarvest/Oshabi/Objects/OshabiExplodingPodGreen",[53],299292286,4
402,"HarvestRedExplodingPodOshabi","Metadata/Monsters/LeagueHarvest/Oshabi/Objects/OshabiExplodingPodRed",[53],1127210216,4
403,"HeistCoinPortal","Metadata/Terrain/Leagues/Heist/Objects/CoinPortal",[54],-741990845,4
404,"CrownOfThornsPodDoodadSpawn","Metadata/Monsters/LeagueHarvest/Oshabi/Objects/CrownOfThornsPod",[53],-1147357610,4
405,"BlackHoleEffect","Metadata/Monsters/Anomalies/BlackHole",[],-353935968,4
406,"FrostGlobeEffect","Metadata/Monsters/Anomalies/FrostGlobe",[],-646603346,4
407,"HeistDemolitionistBarrel","Metadata/MiscellaneousObjects/Heist/DemolitionistBarrel",[54],120948043,4
408,"CircleOfPowerEffect","Metadata/Monsters/Anomalies/CircleOfPower",[],-1989017005,4
409,"CircleOfPowerEffectDivine","Metadata/Effects/Microtransactions/Spells/circle_of_power/divine/Ao/CircleOfPowerDivine",[],931715647,4
410,"StagnationToxicGrowth1","Metadata/Terrain/EndGame/MapStagnation/Objects/ToxicGrowth1",[],1747675408,4
411,"StagnationToxicGrowth2","Metadata/Terrain/EndGame/MapStagnation/Objects/ToxicGrowth2",[],-1553817304,4
412,"StagnationToxicSpike1","Metadata/Terrain/EndGame/MapStagnation/Objects/ToxicSpike1",[],-226455684,4
413,"StagnationToxicSpike2","Metadata/Terrain/EndGame/MapStagnation/Objects/ToxicSpike2",[],-1484584986,4
414,"StagnationToxicPod1","Metadata/Terrain/EndGame/MapStagnation/Objects/ToxicPod1",[],1169273374,4
415,"FirewallEffect","Metadata/Monsters/Anomalies/Firewall",[],233793866,4
416,"IceFissure","Metadata/Terrain/EndGame/MapColdRiver/Objects/IceFissure",[],1860262414,4
417,"HeistLeverBasic","Metadata/Terrain/Leagues/Heist/Objects/Level/LeverAttachedTile",[54],1706237490,4
418,"BreachLightningOrbsNew","Metadata/Effects/Spells/fire_orbs/breach_lightning_orb",[],1731502682,4
419,"HeistScienceUndeadPortalSpawner","Metadata/Monsters/LeagueHeist/Science/Objects/UndeadPortalSpawner",[],1505620177,4
420,"HeistScienceLightningVolatile","Metadata/Monsters/LeagueHeist/Science/Objects/LightningVolatileObject",[],296119327,4
421,"CurseZoneBase","Metadata/Monsters/CurseZones/CurseZoneBase",[],1713250123,4
422,"HeistDumpingPortal","Metadata/Monsters/LeagueHeist/Science/Objects/DumpingPortal",[],-1197408876,4
423,"HeistLightningWaterFall","Metadata/Monsters/LeagueHeist/Science/Objects/LightningWaterfall",[],768726429,4
424,"HeistGoldenShower","Metadata/Monsters/LeagueHeist/Science/Objects/GoldenShower",[],-1220330896,4
425,"MicrotransactionHeistPortal","Metadata/MiscellaneousObjects/HeistPortalEffect",[],1593546265,4
426,"TrapperPlaceBomb","Metadata/Monsters/LeagueHeist/Thug/objects/TrapperPlaceBomb",[],-88556157,4
427,"HeistThugTrapperLightningGridMine","Metadata/Monsters/LeagueHeist/Thug/objects/HeistThugTrapperLightningGridMine",[],788231526,4
428,"HeistPathNode","Metadata/Terrain/Leagues/Heist/Objects/HeistPathNode",[],1996321959,4
429,"HeistPathStart","Metadata/Terrain/Leagues/Heist/Objects/HeistPathStart",[],-1425945050,4
430,"HeistPathEndpoint","Metadata/Terrain/Leagues/Heist/Objects/HeistPathEndpoint",[],30402300,4
431,"HeistPathGoal","Metadata/Terrain/Leagues/Heist/Objects/HeistPathGoal",[],-1931360402,4
432,"MicrotransactionTwilightSunrisePortal","Metadata/MiscellaneousObjects/Portals/TwilightSunrisePortal",[],1482107932,4
433,"HeistThugOilGround","Metadata/Effects/Spells/monsters_effects/League_Heist/thugs/torch/OilGround",[],-1044121613,4
434,"HeistTwinsFireArrowDown","Metadata/Monsters/LeagueHeist/Boss/VicVoxFireWall",[],1450771435,4
435,"HeistTwinsIcePrison","Metadata/Monsters/LeagueHeist/Boss/VinnyVoxIceWall",[],211931686,4
436,"DemonicEyeBannerGround","Metadata/Items/Banners/DemonicEyeBanner/DemonicEyeBanner",[],1498105631,4
437,"HeistAdmiralCannonballMarker","Metadata/Monsters/LeagueHeist/Boss/AdmiralDarnawCannoballMarker",[],233396429,4
438,"HeistAdmiralGeyser","Metadata/Monsters/LeagueHeist/Boss/AdmiralDarnawGeyser",[],2011169903,4
439,"MicrotransactionNightfallPortal","Metadata/MiscellaneousObjects/Portals/NightfallPortalEffect",[],1478793293,4
440,"MicrotransactionTwilightStash","Metadata/MiscellaneousObjects/StashSkins/TwilightStash",[],-751744118,4
441,"MicrotransactionTwilightGuildStash","Metadata/MiscellaneousObjects/StashSkins/TwilightGuildStash",[],-1909879937,4
442,"HeistTwinsIceRainMarker","Metadata/Monsters/LeagueHeist/Boss/VinnyVoxIcePrisonMarker",[],783220376,4
443,"OilArrowGround","Metadata/MiscellaneousObjects/OilArrowGround",[],-914811191,4
444,"FirewallEffectStygian","Metadata/Effects/Microtransactions/Spells/flame_wall/stygian/FirewallStygian",[],1641731126,4
445,"WaterSphere","Metadata/Monsters/Anomalies/WaterSphere",[],1807777597,4
446,"HeistTwinsFireArrowDownTemporary","Metadata/Monsters/LeagueHeist/Boss/VicVoxFireWallTemp",[],541954377,4
447,"HeistFreidrichBloodPoolController","Metadata/Monsters/LeagueHeist/Boss/FreidrichPool",[],-813315231,4
448,"HarvestBossVinePathGreenMapBoss","Metadata/MiscellaneousObjects/Harvest/RootPath/RootPathGreenMapBoss",[],1853600504,4
449,"HarvestBossVinePathRedMapBoss","Metadata/MiscellaneousObjects/Harvest/RootPath/RootPathRedMapBoss",[],-1892682876,4
450,"HarvestBossVinePathBlueMapBoss","Metadata/MiscellaneousObjects/Harvest/RootPath/RootPathBlueMapBoss",[],-345863329,4
451,"IceSaplingRune","Metadata/Monsters/SaplingMonster/Objects/IceSaplingRune",[],-83253052,4
452,"MicrotransactionEliteFaithswornPortal","Metadata/MiscellaneousObjects/Portals/EliteFaithswornPortal",[],-1436902000,4
453,"DominusStandaloneSpawner","Metadata/Monsters/Demonmodular/TowerSpawners/TowerSpawnerPortalsMapStandalone",[],-753833713,4
454,"BrutusStandaloneCageSpawner","Metadata/Monsters/Brute/BruteCageSpawner",[],1303617864,4
455,"FireFuryStandaloneLavaGroundWarpTarget","Metadata/Monsters/Seawitch/FireFuryStandaloneLavaGround",[],1574521780,4
456,"IceSaplingRuneOrb","Metadata/Monsters/SaplingMonster/Objects/IceSaplingRuneOrb",[],-449379882,4
457,"TeleportMarker","Metadata/MiscellaneousObjects/TeleportMarker",[],-1171505017,4
458,"StandaloneShavronneTeleportMarker","Metadata/Monsters/Shavronne/ShavronneStandaloneTeleportMarker",[],-395600683,4
459,"StandaloneHydraTurret1","Metadata/Monsters/Hydra/HydraTurret1Standalone",[],486752394,4
460,"StandaloneHydraTurret2","Metadata/Monsters/Hydra/HydraTurret2Standalone",[],2082953781,4
461,"DespairBearStandaloneCrack1","Metadata/Monsters/DespairBear/BearCrackStandalone",[],-1990194510,4
462,"DespairBearStandaloneCrack2","Metadata/Monsters/DespairBear/BearCrackStandalone2",[],1521732157,4
463,"GeneralAdusStandaloneLightningPillar","Metadata/Monsters/GeneralAdus/LightningGridAdusStandalone",[],-249967480,4
464,"VilentaBombTossObjectMap","Metadata/Effects/Spells/monsters_effects/Vilenta/bomb_toss/VilentaBombTossObjectMap",[],-1473041338,4
465,"MicrotransactionDespairPortal","Metadata/MiscellaneousObjects/Portals/DespairPortal",[],857462456,4
466,"SwampBehemothPod1","Metadata/Monsters/BeehiveBehemoth/Objects/VinePod",[],906296445,4
467,"SwampBehemothPod2","Metadata/Monsters/BeehiveBehemoth/Objects/VinePod2",[],-515734651,4
468,"SwampBehemothPod3","Metadata/Monsters/BeehiveBehemoth/Objects/VinePod3",[],995529647,4
469,"MicrotransactionMiseryPortal","Metadata/MiscellaneousObjects/Portals/MiseryPortal",[],-1402624442,4
470,"StandaloneKitavaXNuke","Metadata/Monsters/KitavaBoss/KitavaFinalMapStandaloneXNukeMarker",[],-1391484963,4
471,"MicrotransactionHarvestCorePortal","Metadata/MiscellaneousObjects/Portals/HarvestCorePortal",[],-1996397926,4
472,"MicrotransactionAbyssCorePortal","Metadata/MiscellaneousObjects/Portals/AbyssCorePortal",[],190705849,4
473,"MicrotransactionDelveCorePortal","Metadata/MiscellaneousObjects/Portals/DelveCorePortal",[],-215343716,4
474,"MicrotransactionAtlasCorePortal","Metadata/MiscellaneousObjects/Portals/AtlasCorePortal",[],-1191981010,4
475,"MicrotransactionBreachCorePortal","Metadata/MiscellaneousObjects/Portals/BreachCorePortal",[],92053301,4
476,"DjinnTrackingSlam","Metadata/Effects/Spells/monsters_effects/AtlasofWorldsBosses/Djinn_demon/TrackingEffect",[],681873012,4
477,"MicrotransactionSufferingPortal","Metadata/MiscellaneousObjects/Portals/SufferingPortalEffect",[],830843312,4
478,"OrionGeyserObjectInfluence","Metadata/Monsters/AtlasExiles/OrionArenaObjects/OrionGeyserObjectInfluence",[],-16930470,4
479,"MicrotransactionWarlordStash","Metadata/MiscellaneousObjects/StashSkins/WarlordStash",[],-1819186575,1
480,"MicrotransactionWarlordGuildStash","Metadata/MiscellaneousObjects/StashSkins/WarlordGuildStash",[],835800797,1
481,"UltimatumEntrancePortal","Metadata/Terrain/Leagues/Ultimatum/Objects/UltimatumEntrancePortal",[57],394280396,4
482,"UltimatumChallengeInteractable","Metadata/Terrain/Leagues/Ultimatum/Objects/UltimatumChallengeInteractable",[57],176937671,4
483,"MicrotransactionRapturePortal","Metadata/MiscellaneousObjects/Portals/RapturePortal",[],-985546498,4
484,"RainOfSporesBloomPodCelestial","Metadata/Effects/Microtransactions/Spells/celestial_toxic_rain/BloomPod",[],-1843212688,4
485,"MicrotransactionFrostVikingPortalEffect","Metadata/MiscellaneousObjects/Portals/FrostVikingPortal",[],995237822,4
486,"UltimatumCaptureRune","Metadata/Terrain/Leagues/Ultimatum/Objects/CaptureRune",[57],-1288504909,4
487,"MicrotransactionWinterDragonPortal","Metadata/MiscellaneousObjects/Portals/WinterDragonPortal",[],962797632,4
488,"InvisibleDevourerHole","Metadata/Effects/Spells/monsters_effects/League_Ultimatum/mechanics/InvisibleDevourerHole",[57],1183865031,4
489,"TrialmasterTetherSpike","Metadata/Effects/Spells/monsters_effects/League_Ultimatum/Trialmaster/TetherSpike",[57],1633916081,4
490,"TrialmasterChaosShrine","Metadata/Effects/Spells/monsters_effects/League_Ultimatum/Trialmaster/ChaosShrine",[57],1481435834,4
491,"TrialmasterVaalShrine","Metadata/Effects/Spells/monsters_effects/League_Ultimatum/Trialmaster/VaalShrine",[57],2090283644,4
492,"TrialmasterTetherBeam","Metadata/Effects/Spells/monsters_effects/League_Ultimatum/Trialmaster/TetherBeam",[57],16183843,4
493,"TrialmasterTimestopProjectileMarker","Metadata/Effects/Spells/monsters_effects/League_Ultimatum/Trialmaster/TimestopProjectileMarker",[57],-1167827537,4
494,"TrialmasterTimestopSlamMarker","Metadata/Effects/Spells/monsters_effects/League_Ultimatum/Trialmaster/TimestopSlamMarker",[57],927739520,4
495,"TrialmasterTeleport","Metadata/Effects/Spells/monsters_effects/League_Ultimatum/Trialmaster/TimestopTeleport",[57],2017828471,4
496,"DoodadNoBlocking","Metadata/MiscellaneousObjects/DoodadNoBlocking",[],-1907065122,4
497,"DoodadNoOverlap","Metadata/MiscellaneousObjects/DoodadNoOverlap",[],924170744,4
498,"TileUpperDoodad","Metadata/MiscellaneousObjects/TileUpperDoodad",[],-1021149406,4
499,"TileUpperDoodadNoOverlap","Metadata/MiscellaneousObjects/TileUpperDoodadNoOverlap",[],1410711279,4
500,"MicrotransactionLightbringerPortal","Metadata/MiscellaneousObjects/Portals/LightbringerPortal",[],1186190271,4
501,"MicrotransactionDarkshardPortal","Metadata/MiscellaneousObjects/Portals/DarkshardPortal",[],-680818050,4
502,"UltimatumChallengeInteractableArena","Metadata/Terrain/Leagues/Ultimatum/Objects/UltimatumChallengeInteractableArena",[57],1728287037,4
503,"UltimatumGoliathBloodBall","Metadata/Effects/Spells/monsters_effects/League_Ultimatum/mechanics/GoliathBloodBall",[],-1052193596,4
504,"RainOfSporesBloomPodOblivion","Metadata/Effects/Microtransactions/Spells/OblivionToxicRain/BloomPod",[],1288848531,4
505,"OfferingSpiritWardCelestial","Metadata/Effects/Spells/offering_celestial/Ward",[],-790971858,4
506,"OfferingSpiritEffectCelestial","Metadata/Effects/Spells/offering_celestial/Effect",[],579551365,4
507,"OfferingSpiritExplosionCelestial","Metadata/Effects/Spells/offering_celestial/Explosion",[],1903854839,4
508,"MicrotransactionCrescentPortal","Metadata/MiscellaneousObjects/Portals/CrescentPortal",[],-617698913,4
509,"MicrotransactionSynthesisWaypoint","Metadata/MiscellaneousObjects/Waypoints/SynthesisWaypoint",[],-904853657,4
510,"UltimatumGoliathBloodBallRuin","Metadata/Effects/Spells/monsters_effects/League_Ultimatum/mechanics/GoliathBloodBallRuin",[],115796836,4
511,"FirewallEffectOblivion","Metadata/Effects/Microtransactions/Spells/flame_wall/Oblivion/FirewallOblivion",[],-339929214,4
512,"AstrolabeMapDevice","Metadata/Terrain/Missions/Hideouts/Objects/MapDeviceVariants/AstrolabeMapDevice",[],140483697,4
513,"UltimatumTrialMasterBossCutscene","Metadata/NPC/League/Ultimatum/UltimatumNPCBossEndScene",[57],69416948,4
514,"ExpeditionMarker","Metadata/MiscellaneousObjects/Expedition/ExpeditionMarker",[58],-148658819,4
515,"ExpeditionExplosive","Metadata/MiscellaneousObjects/Expedition/ExpeditionExplosive",[58],-490739283,4
516,"ExpeditionConnectorPole","Metadata/MiscellaneousObjects/Expedition/ExpeditionConnectorPole",[58],-374957473,4
517,"ExpeditionExplosiveFuse","Metadata/MiscellaneousObjects/Expedition/ExpeditionExplosiveFuse",[58],492492991,4
518,"ExpeditionRelic","Metadata/MiscellaneousObjects/Expedition/ExpeditionRelic",[58],-456228823,4
519,"ExpeditionPlacementIndicator","Metadata/MiscellaneousObjects/Expedition/ExpeditionPlacementIndicator",[58],-949663606,4
520,"MicrotransactionApollyonStash","Metadata/MiscellaneousObjects/StashSkins/ApollyonStash",[],-346644243,1
521,"MicrotransactionApollyonGuildStash","Metadata/MiscellaneousObjects/StashSkins/ApollyonGuildStash",[],1274781722,1
522,"ArmourEvasionBannerGround","Metadata/Effects/Spells/banner/ArmourEvasionBannerGround",[],-864769836,4
523,"OfferingOffensiveWardCelestial","Metadata/Effects/Spells/offering_celestial/Flesh/Ward",[],-1212274099,4
524,"OfferingOffensiveEffectCelestial","Metadata/Effects/Spells/offering_celestial/Flesh/Effect",[],2071632188,4
525,"OfferingOffensiveExplosionCelestial","Metadata/Effects/Spells/offering_celestial/Flesh/Explosion",[],588119099,4
526,"OfferingDefensiveWardCelestial","Metadata/Effects/Spells/offering_celestial/Bone/Ward",[],1115496042,4
527,"OfferingDefensiveEffectCelestial","Metadata/Effects/Spells/offering_celestial/Bone/Effect",[],-838750604,4
528,"OfferingDefensiveExplosionCelestial","Metadata/Effects/Spells/offering_celestial/Bone/Explosion",[],1567629259,4
529,"OfferingBloodWardCelestial","Metadata/Effects/Spells/offering_celestial/Flesh/Ward",[],-1212274099,4
530,"OfferingBloodEffectCelestial","Metadata/Effects/Spells/offering_celestial/Flesh/Effect",[],2071632188,4
531,"OfferingBloodExplosionCelestial","Metadata/Effects/Spells/offering_celestial/Flesh/Explosion",[],588119099,4
532,"PrismaticRainGroundArrowFire","Metadata/MiscellaneousObjects/PrismaticRainFireArrow",[],-1544096345,4
533,"PrismaticRainGroundArrowCold","Metadata/MiscellaneousObjects/PrismaticRainColdArrow",[],1783778649,4
534,"PrismaticRainGroundArrowLightning","Metadata/MiscellaneousObjects/PrismaticRainLightningArrow",[],879679284,4
535,"ExpeditionArbalestSnipeObject","Metadata/MiscellaneousObjects/ExpeditionArbalestSnipeObject",[],-2011989504,4
536,"ExpeditionBoneCultistEgg","Metadata/MiscellaneousObjects/Expedition/ExpeditionBoneCultistEgg",[],723706605,4
537,"ExpeditionCultistSpawnGround","Metadata/MiscellaneousObjects/Expedition/ExpeditionArbalestSpawnGround",[58],1917636675,4
538,"ExpeditionArmourVolatile","Metadata/Effects/Spells/monsters_effects/League_Expedition/general/armored_caster/LightningBall",[],-492648912,4
539,"MicrotransactionMidnightPactStash","Metadata/MiscellaneousObjects/StashSkins/MidnightPactStash",[],1245891165,1
540,"MicrotransactionMidnightPactGuildStash","Metadata/MiscellaneousObjects/StashSkins/MidnightPactGuildStash",[],1864834208,1
541,"MicrotransactionJingweiPortalEffect","Metadata/MiscellaneousObjects/Portals/JingweiPortal",[],769648736,4
542,"MicrotransactionExpeditionPortalEffect","Metadata/MiscellaneousObjects/Portals/ExpeditionPortal",[],-1500939432,4
543,"MicrotransactionAesirApparitionPortal","Metadata/MiscellaneousObjects/Portals/AesirApparition",[],318916536,4
544,"ExpeditionBoneCultistMedvedEgg","Metadata/Monsters/LeagueExpedition/Medved/BoneCultistMedvedEgg",[],784694291,4
545,"OlrothEmbeddedSword","Metadata/Monsters/LeagueExpedition/Olroth/Objects/OlrothSwordWallEmbed",[],649381106,4
546,"OlrothCrackedGround","Metadata/Monsters/LeagueExpedition/Olroth/Objects/OlrothCrackedGround",[],1784579060,4
547,"MicrotransactionMidnightPactPortalEffect","Metadata/MiscellaneousObjects/Portals/MidnightPactPortal",[],1602395552,4
548,"ExpeditionMinerSpawnRocks","Metadata/Effects/Spells/monsters_effects/act4/miner/throw_spawn/rockexplosion",[],812688039,4
549,"RemoteMineStygianCold","Metadata/MiscellaneousObjects/RemoteMineStygianCold",[],-1050668057,4
550,"RemoteMineStygianFire","Metadata/MiscellaneousObjects/RemoteMineStygianFire",[],-1287033036,4
551,"RemoteMineStygianLightning","Metadata/MiscellaneousObjects/RemoteMineStygianLightning",[],1128525045,4
552,"FlameWallTranscendence","Metadata/Effects/Microtransactions/Spells/transcendence_flamewall/FirewallTranscendence",[],1062993172,4
